Es Block 0 (rot & trans):
 1.42892e-06  3.73411e-08  3.23784e-08 -5.71247e-10 -3.11467e-07  2.68725e-07
 3.73411e-08  6.66075e-08 -2.65484e-07  5.01863e-08 -2.62353e-08  4.36106e-08
 3.23784e-08 -2.65484e-07  3.08344e-06 -6.49757e-07 -6.02911e-09 -4.39084e-07
-5.71247e-10  5.01863e-08 -6.49757e-07  3.47319e-07  9.05442e-09   9.4194e-08
-3.11467e-07 -2.62353e-08 -6.02911e-09  9.05442e-09  3.05689e-07 -6.37232e-08
 2.68725e-07  4.36106e-08 -4.39084e-07   9.4194e-08 -6.37232e-08  2.76527e-07

Es Block 1 (rot & trans):
 5.73337e-07  5.48505e-09  -7.1123e-09 -2.62302e-09 -2.52229e-07  1.53631e-07
 5.48505e-09  1.15574e-07 -2.99165e-07  1.32691e-07  3.42827e-09  5.10082e-08
 -7.1123e-09 -2.99165e-07  1.14443e-06 -4.00274e-07 -2.42977e-08 -1.86754e-07
-2.62302e-09  1.32691e-07 -4.00274e-07  2.26527e-07  7.55315e-09  6.25303e-08
-2.52229e-07  3.42827e-09 -2.42977e-08  7.55315e-09  2.01192e-07 -6.11968e-08
 1.53631e-07  5.10082e-08 -1.86754e-07  6.25303e-08 -6.11968e-08  1.98235e-07

Es Block 2 (rot & trans):
 5.26309e-07  3.12505e-08 -2.15762e-07  7.53515e-08  -1.3755e-07  2.18475e-07
 3.12505e-08  1.68892e-07 -2.66326e-07  7.49363e-08  8.25005e-08  6.41118e-08
-2.15762e-07 -2.66326e-07  8.25148e-07 -2.00725e-07 -7.30617e-08 -2.05155e-07
 7.53515e-08  7.49363e-08 -2.00725e-07  1.09539e-07 -2.62748e-10  4.18804e-08
 -1.3755e-07  8.25005e-08 -7.30617e-08 -2.62748e-10  1.10893e-07  -3.0435e-08
 2.18475e-07  6.41118e-08 -2.05155e-07  4.18804e-08  -3.0435e-08  2.16932e-07

Es Block 3 (rot & trans):
 6.55803e-07 -2.50282e-08  2.81866e-07 -1.93139e-07 -2.77077e-07  1.91353e-07
-2.50282e-08  1.72157e-07 -2.80024e-07   1.6294e-07 -1.35712e-07  -2.3906e-09
 2.81866e-07 -2.80024e-07  1.04338e-06 -5.01953e-07  6.47587e-08  3.67419e-08
-1.93139e-07   1.6294e-07 -5.01953e-07  3.58507e-07 -2.67779e-09 -2.45935e-08
-2.77077e-07 -1.35712e-07  6.47587e-08 -2.67779e-09  3.07064e-07 -8.36301e-08
 1.91353e-07  -2.3906e-09  3.67419e-08 -2.45935e-08 -8.36301e-08    2.021e-07

Es Block 4 (rot & trans):
 7.29725e-07  8.70413e-08  4.15691e-07 -3.40759e-07 -3.32823e-07  1.77513e-07
 8.70413e-08   2.8243e-07 -1.99145e-07  7.03455e-08 -2.85405e-07  6.19483e-09
 4.15691e-07 -1.99145e-07  1.14539e-06 -6.42956e-07  1.19211e-07    9.076e-08
-3.40759e-07  7.03455e-08 -6.42956e-07  4.87231e-07  8.58649e-09 -3.91461e-08
-3.32823e-07 -2.85405e-07  1.19211e-07  8.58649e-09  4.15431e-07 -7.80455e-08
 1.77513e-07  6.19483e-09    9.076e-08 -3.91461e-08 -7.80455e-08  1.91392e-07

Es Block 5 (rot & trans):
 6.93807e-07  6.00148e-09  -3.3939e-07  1.07268e-07 -1.66374e-07  2.60215e-07
 6.00148e-09  1.94346e-07 -2.01999e-07  1.87893e-08  1.24256e-07  5.00153e-08
 -3.3939e-07 -2.01999e-07  1.15553e-06 -2.66839e-07 -8.72209e-08 -2.77371e-07
 1.07268e-07  1.87893e-08 -2.66839e-07  1.70264e-07  3.17958e-10  4.54487e-08
-1.66374e-07  1.24256e-07 -8.72209e-08  3.17958e-10  1.46624e-07 -3.41752e-08
 2.60215e-07  5.00153e-08 -2.77371e-07  4.54487e-08 -3.41752e-08  2.47949e-07

Es Block 6 (rot & trans):
  9.7866e-07 -1.73742e-08 -9.34802e-08 -3.61178e-08 -4.57628e-07  2.55229e-09
-1.73742e-08  1.30988e-07   1.6242e-07  2.17408e-07  2.14684e-08  4.81388e-08
-9.34802e-08   1.6242e-07  1.49994e-06    6.029e-07 -5.37371e-08  2.44001e-07
-3.61178e-08  2.17408e-07    6.029e-07  5.48261e-07  8.10772e-09  1.18791e-07
-4.57628e-07  2.14684e-08 -5.37371e-08  8.10772e-09  4.82059e-07 -7.49431e-09
 2.55229e-09  4.81388e-08  2.44001e-07  1.18791e-07 -7.49431e-09  2.70192e-07

Es Block 7 (rot & trans):
  6.7005e-07  6.44467e-08 -2.69854e-07 -1.94133e-07 -2.46335e-07 -1.37703e-07
 6.44467e-08  2.60623e-07  2.05853e-07  1.37288e-07 -1.64634e-07   7.4088e-08
-2.69854e-07  2.05853e-07  8.33907e-07  3.36271e-07 -7.34639e-08  3.08532e-07
-1.94133e-07  1.37288e-07  3.36271e-07  2.63131e-07  1.95822e-08  1.02717e-07
-2.46335e-07 -1.64634e-07 -7.34639e-08  1.95822e-08  2.35318e-07 -3.95474e-08
-1.37703e-07   7.4088e-08  3.08532e-07  1.02717e-07 -3.95474e-08  2.77127e-07

Es Block 8 (rot & trans):
 7.51341e-07 -8.67877e-09  2.12044e-07  2.78037e-07 -4.09487e-07 -4.60653e-08
-8.67877e-09   2.3387e-07  1.76615e-07  2.27858e-07  2.24999e-07 -1.55005e-08
 2.12044e-07  1.76615e-07  1.06706e-06  6.43438e-07  1.28281e-07 -1.70285e-07
 2.78037e-07  2.27858e-07  6.43438e-07  6.72533e-07  1.26469e-08 -9.36363e-08
-4.09487e-07  2.24999e-07  1.28281e-07  1.26469e-08  5.62713e-07 -1.73423e-08
-4.60653e-08 -1.55005e-08 -1.70285e-07 -9.36363e-08 -1.73423e-08  2.40856e-07

Es Block 9 (rot & trans):
  7.1805e-07  5.06833e-09 -6.04488e-09  2.09838e-09 -2.11909e-07  1.20306e-07
 5.06833e-09  3.11476e-08 -1.48334e-07  3.02235e-08 -4.84424e-09   2.1522e-08
-6.04488e-09 -1.48334e-07  1.85391e-06 -4.43305e-07  3.18814e-09 -2.75763e-07
 2.09838e-09  3.02235e-08 -4.43305e-07  1.53839e-07  4.90765e-09  6.25457e-08
-2.11909e-07 -4.84424e-09  3.18814e-09  4.90765e-09  1.39088e-07 -4.61575e-08
 1.20306e-07   2.1522e-08 -2.75763e-07  6.25457e-08 -4.61575e-08  1.38827e-07

Es Block 10 (rot & trans):
 5.97689e-07 -8.38017e-08 -3.02235e-07  7.87449e-08 -1.47473e-07  1.70571e-07
-8.38017e-08  1.64304e-07 -2.17565e-07  4.11463e-08   8.9582e-08  2.62603e-09
-3.02235e-07 -2.17565e-07  1.09487e-06 -2.44566e-07 -4.15204e-08 -1.72225e-07
 7.87449e-08  4.11463e-08 -2.44566e-07  8.56268e-08  3.26221e-09   2.5717e-08
-1.47473e-07   8.9582e-08 -4.15204e-08  3.26221e-09  7.68614e-08 -3.34587e-08
 1.70571e-07  2.62603e-09 -1.72225e-07   2.5717e-08 -3.34587e-08  1.32764e-07

Es Block 11 (rot & trans):
 6.61736e-07  2.22187e-08  2.73633e-07 -1.63309e-07 -3.56434e-07  1.82273e-07
 2.22187e-08  2.14386e-07 -3.37483e-07  2.30572e-07 -1.34108e-07   1.1595e-08
 2.73633e-07 -3.37483e-07  1.03369e-06 -5.66281e-07 -7.18944e-09  3.27675e-08
-1.63309e-07  2.30572e-07 -5.66281e-07  4.28664e-07  1.45639e-09 -3.65267e-09
-3.56434e-07 -1.34108e-07 -7.18944e-09  1.45639e-09   3.5089e-07 -7.98714e-08
 1.82273e-07   1.1595e-08  3.27675e-08 -3.65267e-09 -7.98714e-08  2.22125e-07

Es Block 12 (rot & trans):
 7.87253e-07 -9.86568e-08 -2.80755e-07 -2.53402e-07 -2.52522e-07 -1.87707e-08
-9.86568e-08  1.87899e-07  1.72015e-07  1.07069e-07 -1.08917e-07  5.91645e-08
-2.80755e-07  1.72015e-07   1.2775e-06  3.48768e-07 -1.83992e-07  3.95717e-07
-2.53402e-07  1.07069e-07  3.48768e-07  3.30831e-07  2.31314e-08  7.38318e-08
-2.52522e-07 -1.08917e-07 -1.83992e-07  2.31314e-08  2.71462e-07 -1.01254e-07
-1.87707e-08  5.91645e-08  3.95717e-07  7.38318e-08 -1.01254e-07  3.02311e-07

Es Block 13 (rot & trans):
 6.14053e-07   2.1272e-07 -3.78681e-08  1.44799e-07 -3.17115e-07 -3.89972e-08
  2.1272e-07  2.24736e-07  1.83861e-07  2.37274e-07 -3.87412e-09  8.86931e-09
-3.78681e-08  1.83861e-07   1.2173e-06  5.05391e-07  2.10777e-07  1.35024e-07
 1.44799e-07  2.37274e-07  5.05391e-07  4.52195e-07  1.22836e-08  3.49159e-08
-3.17115e-07 -3.87412e-09  2.10777e-07  1.22836e-08  3.73784e-07   4.2446e-08
-3.89972e-08  8.86931e-09  1.35024e-07  3.49159e-08   4.2446e-08  1.93315e-07

Es Block 14 (rot & trans):
 6.14786e-07   1.1445e-08  3.16519e-07 -2.27307e-07 -2.21858e-07   1.2869e-07
  1.1445e-08  1.72406e-07 -2.35805e-07  6.05941e-08 -1.31938e-07  1.17834e-08
 3.16519e-07 -2.35805e-07  9.94361e-07 -4.05377e-07  1.31427e-07  3.91728e-09
-2.27307e-07  6.05941e-08 -4.05377e-07  2.22708e-07  4.52349e-09 -1.02943e-08
-2.21858e-07 -1.31938e-07  1.31427e-07  4.52349e-09   1.9207e-07 -6.51161e-08
  1.2869e-07  1.17834e-08  3.91728e-09 -1.02943e-08 -6.51161e-08  1.01457e-07

