x	y	kxx	kxy	kyy
513.672	369.184	0.00630817	-0.000472355	0.00607098
635.042	367.752	0.00628823	-0.000152994	0.00574568
759.629	368.47	0.00634378	8.21164e-05	0.00574741
883.714	371.42	0.00626328	0.000276684	0.00600372
505.97	488.415	0.00579621	-0.000227813	0.00594952
630.551	488.647	0.00603714	-5.75859e-05	0.00580008
758.705	489.868	0.00597224	5.08247e-05	0.00590171
886.382	492.142	0.00598469	0.000228125	0.00597854
500.137	613.988	0.00579676	-0.000142803	0.00611017
626.911	616.242	0.0056324	5.05799e-06	0.00588672
757.472	618.125	0.00569078	2.60065e-05	0.00584266
887.531	619.553	0.00571307	3.00598e-05	0.00618474
506.482	545.569	0.00793553	-0.000411085	0.00542373
635.026	547.529	0.0077223	-8.16338e-05	0.00512679
765.417	550.121	0.00787538	0.000293501	0.00548956
893.194	553.09	0.00822805	0.000653516	0.00557032
490.722	653.206	0.00663061	-0.000400099	0.0052623
629.34	656.442	0.006757	-6.80215e-05	0.00517992
770.116	658.788	0.00674624	0.000238249	0.00520475
907.731	660.122	0.0070967	0.000549194	0.00559883
474.787	777.2	0.00583497	-0.000251586	0.00505998
623.623	782.224	0.00587245	-0.00010345	0.00503023
775.266	784.258	0.00615074	0.000104753	0.00520659
922.898	783.279	0.00631666	0.000297267	0.00550719
104.574	531.323	0.00570724	0.000254996	0.00490774
251.189	542.485	0.00625135	0.000697544	0.00530113
389.471	553.078	0.0068557	0.00120547	0.0058178
515.283	562.84	0.00710263	0.00171872	0.00654709
108.905	674.731	0.00485291	0.000316235	0.00487415
268.474	679.415	0.00525242	0.000535357	0.00506514
417.278	682.077	0.00579817	0.000935448	0.00551277
550.469	683.16	0.00629689	0.00131398	0.00614857
124.242	841.437	0.0045154	0.000424647	0.00475252
295.677	836.726	0.00487679	0.000584591	0.00482397
453.52	828.14	0.0052018	0.000808817	0.00541631
592.383	817.39	0.00561154	0.00102042	0.00607077
917.567	533.488	0.00868165	-0.00130643	0.00641097
1026.62	543.644	0.00805523	-0.000965621	0.00617849
1144.91	555.537	0.00751711	-0.000493217	0.00606288
1269.84	568.945	0.0069845	-0.000107473	0.0057737
874.126	633.076	0.007367	-0.00121176	0.00648576
987.203	649.999	0.00687433	-0.000822628	0.00593336
1111.54	668.445	0.00681436	-0.000549058	0.00582995
1244.21	687.82	0.00622929	-0.000331354	0.00579085
824.854	742.311	0.00683344	-0.00114663	0.00660364
940.851	767.701	0.00636737	-0.000699721	0.00589564
1069.87	794.412	0.00595169	-0.000568494	0.0057682
1209.13	821.429	0.0058395	-0.00046492	0.00569062
906.638	386.608	0.00650801	-0.00165267	0.0104642
992.769	372.054	0.00616538	-0.00118296	0.00894596
1092.32	356.503	0.00592912	-0.000823816	0.00759776
1205.95	340.235	0.00568467	-0.000506261	0.00689239
893.632	497.756	0.00600395	-0.0011622	0.0101167
981.148	492.265	0.00588052	-0.000880349	0.00880378
1083.03	486.318	0.00570179	-0.000631034	0.00779194
1200.45	480.29	0.00528574	-0.000433952	0.00691343
878.604	613.624	0.00571254	-0.000795107	0.0102506
966.254	618.318	0.00561991	-0.000588772	0.00881297
1068.95	623.634	0.00524878	-0.000432913	0.00777584
1187.94	629.578	0.005128	-0.00033983	0.00705957
145.577	306.876	0.00494168	4.95323e-05	0.00509653
285.166	311.001	0.00517784	0.000307229	0.00535951
412.322	317.706	0.0054259	0.00061359	0.00614525
525.039	326.025	0.00575852	0.000906365	0.00705208
151.861	462.023	0.00452137	0.000142512	0.00523279
296.388	456.654	0.00480207	0.000265807	0.00552443
427.19	453.513	0.00510386	0.000466462	0.00617762
542.228	452.067	0.00549076	0.000775216	0.0071208
168.413	627.984	0.0044155	0.000119154	0.00530801
314.9	611.606	0.00471899	0.000200773	0.00561616
446.862	597.12	0.0049922	0.000297484	0.00637124
562.249	584.524	0.00533995	0.000444516	0.00744325
501.037	130.426	0.00682799	0.000183474	0.00640107
620.402	130.506	0.00678647	9.04672e-05	0.006008
742.08	134.908	0.00708873	2.39828e-05	0.00630158
862.543	143.501	0.00709222	1.38599e-05	0.00619974
505.931	235.527	0.00724075	7.63436e-05	0.00662431
619.399	236.756	0.00742471	0.000153244	0.00630678
734.907	241	0.00786208	0.000185514	0.00638352
849.553	248.229	0.00774025	-0.000143008	0.00642015
511.689	332.436	0.00815457	0.000369759	0.00657961
619.242	334.59	0.00813376	0.000173133	0.00672345
728.552	338.701	0.00867078	-1.16259e-06	0.00665566
837.066	344.704	0.00904392	-0.000199373	0.0068287
309.289	113.384	0.00574213	-0.00103725	0.00578201
421.969	147.977	0.00604118	-0.00135828	0.00652935
518.561	180.143	0.0068168	-0.00154407	0.00758565
600.456	209.161	0.0074423	-0.0021722	0.00893003
249.608	247.724	0.00620513	-0.00120948	0.00608645
362.72	269.855	0.00644713	-0.00135041	0.00658076
460.934	290.602	0.0070275	-0.0018441	0.0075001
545.254	309.581	0.00802346	-0.0024788	0.0089639
200.713	375.353	0.00632966	-0.00119545	0.00621377
311.809	386.32	0.0069539	-0.00150065	0.00676175
409.562	396.945	0.00751031	-0.00199046	0.00771838
494.623	406.679	0.00864692	-0.00267019	0.00895238
834.781	186.959	0.00768902	0.00140227	0.008559
925.764	171.028	0.00705274	0.00101923	0.00772895
1027.83	155.698	0.00688576	0.000974316	0.00714401
1140.51	142.08	0.00653012	0.000978757	0.00659023
869.506	285.051	0.00808956	0.00171037	0.008723
959.677	276.364	0.00736247	0.00135783	0.00812368
1060.05	268.514	0.00701937	0.00104704	0.00716101
1169.94	262.291	0.00673142	0.000954255	0.00705958
901.033	379.044	0.00832965	0.00177795	0.00902575
989.544	376.809	0.00802089	0.00163473	0.00846864
1087.06	375.553	0.00769167	0.00120141	0.00756036
1192.97	375.783	0.00730389	0.0010724	0.00731298
415.537	334.794	0.00495103	-0.000483289	0.00482048
589.385	322.881	0.00501263	-0.00016683	0.00452247
769.773	316.132	0.0051474	0.000123997	0.00451708
945.496	315.058	0.00535024	0.000488199	0.00481118
410.584	507.657	0.00466271	-0.000313313	0.0049971
591.301	498.86	0.00463348	-5.47719e-05	0.00471279
779.393	491.769	0.00479086	4.3544e-05	0.0046515
962.026	486.786	0.00493785	0.000244911	0.00516196
412.05	692.416	0.00448578	4.25239e-05	0.00488001
596.477	687.884	0.00466479	-5.34138e-06	0.0048015
788.463	680.588	0.00475098	-3.0431e-05	0.00478197
974.554	671.059	0.00474146	-2.13911e-05	0.00525696
230.545	326.868	0.00472039	0.000229601	0.00440075
402.796	335.547	0.00512757	0.000686059	0.00496721
553.297	346.882	0.00552847	0.00121901	0.00595558
680.252	359.221	0.00583116	0.00172005	0.00713791
247.238	513.845	0.0042103	0.000234039	0.00455838
429.907	507.975	0.00452653	0.000508728	0.0051072
586.643	504.375	0.00498275	0.000879283	0.00604746
716.398	502.453	0.00524352	0.0013574	0.00747316
279.066	723.898	0.00406653	0.00028253	0.00468143
467.011	699.046	0.00430357	0.000389389	0.00513021
625.769	676.352	0.00471189	0.000662911	0.00618495
755.322	656.879	0.00502062	0.00091572	0.00761881
900.313	559.303	0.0115428	-0.00118551	0.00632138
994.291	585.04	0.0106757	-0.000541044	0.00579517
1096.43	613.567	0.00977384	-0.000143121	0.00575164
1204.73	644.696	0.00886447	0.000102302	0.00594026
840.905	629.164	0.00984566	-0.00118691	0.00608574
937.935	660.673	0.00924596	-0.000779044	0.00581713
1044.78	695.276	0.00850884	-0.000435076	0.00576218
1159.7	732.706	0.00782202	-5.65832e-05	0.00568304
773.764	706.87	0.00894713	-0.0011191	0.00603783
872.663	745.546	0.00820803	-0.000809328	0.00560765
983.323	787.902	0.00756622	-0.000507761	0.00545151
1104.16	833.094	0.00701399	-0.000292423	0.00540463
215.182	392.31	0.00494978	-0.000226091	0.00588303
338.294	360.137	0.00522887	-0.000199143	0.00611427
451.555	333.594	0.00554549	-0.000162722	0.00686692
553.292	312.143	0.00560344	3.92811e-06	0.00764908
242.838	527.631	0.00515543	-0.000264802	0.00595438
361.022	489.287	0.00525999	-0.000217435	0.006502
470.049	455.728	0.00578653	-0.000322658	0.00713956
568.354	427.02	0.00589805	-0.000217138	0.00788439
274.284	654.815	0.0054366	-0.000313013	0.00617998
386.338	611.609	0.00562336	-0.000390179	0.00689325
490.08	572.408	0.00558079	-0.000488266	0.00748686
584.097	537.523	0.0060864	-0.000667419	0.0083112
847.386	91.74	0.00607665	0.000450991	0.00591144
954.802	176.648	0.00606422	0.000539469	0.00586881
1059.86	266.915	0.00635135	0.000515362	0.00603096
1158.86	359.247	0.0064607	0.000401115	0.00602413
778.622	188.072	0.00641545	0.000691741	0.00643482
879.119	268.892	0.00666177	0.000657324	0.00634602
978.169	353.524	0.00677343	0.000590417	0.00638981
1072.85	439.219	0.00702775	0.000483938	0.00629026
717.516	276.199	0.00693322	0.000883538	0.006934
811.101	352.745	0.0067373	0.000854575	0.0066752
904.139	431.837	0.00747801	0.000808586	0.00664212
994.02	511.127	0.00780786	0.000843443	0.00661144
763.645	421.58	0.00488845	-0.000852589	0.00839932
879.547	352.831	0.00480606	-0.000674285	0.00708913
1016.34	274.059	0.00493796	-0.000486366	0.00590246
1171.17	188.043	0.00490514	-3.12627e-05	0.00519925
789.854	570.241	0.00448962	-0.00031066	0.00787305
915.979	512.649	0.00454285	-0.000326723	0.00666112
1067.19	443.538	0.00450291	-0.000230928	0.00596239
1240.48	363.89	0.00441822	5.32566e-05	0.00536312
817.09	732.655	0.00449306	4.14507e-05	0.00759142
952.266	691.449	0.0045384	-0.000103992	0.0064665
1116.15	638.245	0.0043427	-0.000110685	0.00579068
1305.61	571.933	0.00402205	-2.93033e-05	0.00563036
