x	y	kxx	kxy	kyy
545.743	452.467	0.00483335	-0.000189091	0.00506082
675.19	444.95	0.00497729	-6.17181e-05	0.00492467
806.385	438.798	0.00486043	7.24123e-05	0.0049459
934.793	434.2	0.0050554	0.000113682	0.00507137
548.591	581.766	0.00494391	-8.14464e-05	0.00509092
680.585	575.512	0.00461491	3.09774e-05	0.00473078
814.418	569.123	0.00464138	-1.94906e-05	0.0050332
945.286	562.812	0.00466632	7.29541e-05	0.00504205
553.346	714.451	0.00464023	5.34631e-05	0.00482961
686.477	709.742	0.004672	-1.38059e-05	0.00480779
821.451	703.143	0.00473885	-1.35769e-05	0.00475006
953.371	695.167	0.00470466	-5.85384e-05	0.00510605
95.7494	384.447	0.00400048	5.03969e-05	0.00425181
247.254	379.245	0.00398529	5.15343e-05	0.00439582
390.286	377.253	0.00411382	7.09063e-05	0.00479954
520.165	377.814	0.00432885	0.000158766	0.00552405
101.194	551.525	0.00403423	2.63406e-06	0.00441411
252.028	538.933	0.00383215	-1.60425e-06	0.00428874
394.511	527.902	0.00401597	-3.62934e-05	0.00505111
523.971	518.684	0.00409107	-7.36096e-06	0.00536565
116.953	715.163	0.00402488	-2.70057e-05	0.0042711
264.129	695.675	0.00404748	-7.55847e-05	0.00449228
403.396	676.294	0.00411929	-0.000124545	0.0049583
530.112	657.831	0.0044576	-0.000327969	0.00563894
1011.9	405.436	0.00589955	-0.00105466	0.00946184
1097.2	395.103	0.00522887	-0.000861803	0.00804048
1194.44	384.298	0.00503612	-0.000684991	0.0068768
1303.99	373.247	0.00532752	-0.000593755	0.00624141
1004.53	515.94	0.0057399	-0.000763317	0.00901276
1090.75	514.514	0.00501311	-0.000473644	0.00793253
1189.63	513.195	0.0047563	-0.000455972	0.00658421
1301.55	512.129	0.0047451	-0.000348214	0.00580515
994.465	628.963	0.00567575	-0.000422886	0.00904383
1080.52	636.973	0.00471479	-0.000144645	0.00773259
1179.32	645.968	0.00464492	-0.000198906	0.00650968
1291.42	655.798	0.00484025	-0.000137144	0.00583971
560.321	655.834	0.00719016	-0.000510698	0.00457101
693.62	657.349	0.00686749	-0.000219203	0.00449321
829.483	658.065	0.00704954	0.000166896	0.00426194
962.989	657.947	0.00726913	0.000568574	0.00464794
539.595	759.166	0.00578547	-0.000426055	0.00421872
685.296	762.839	0.00569618	-9.3078e-05	0.00396138
834.356	763.853	0.00564759	6.76451e-05	0.0041228
980.426	762.239	0.00581842	0.000362191	0.00424168
516.456	880.877	0.00481893	-0.000331696	0.00387659
675.488	887.719	0.00497464	-0.000127977	0.00386257
839.018	889.176	0.00475551	5.06554e-05	0.00372979
998.76	885.31	0.00488407	0.000290707	0.00396164
546.316	138.559	0.00554344	0.000407847	0.00584415
671.759	127.583	0.0052495	0.000254749	0.00532821
804.741	120.866	0.00521883	7.99287e-05	0.00519084
941.387	119.335	0.00540729	-6.65507e-05	0.0052663
566.346	254.567	0.00584313	0.000493639	0.00582823
686.955	248.035	0.00564018	0.000285517	0.00537995
814.207	244.55	0.00558511	0.000106425	0.00533091
944.5	244.49	0.00564292	6.85244e-05	0.00512451
585.74	362.899	0.00646637	0.000643718	0.00584999
700.9	360.146	0.00621764	0.000358447	0.0056353
821.765	359.329	0.00635745	3.13069e-05	0.00581986
945.275	360.58	0.00639731	-1.10623e-05	0.00538099
596.894	204.036	0.00524108	0.000979559	0.0076135
694.482	228.523	0.0058153	0.00145685	0.00981248
776.216	250.874	0.00648052	0.00178702	0.0124617
844.693	270.881	0.0070774	0.00199519	0.0162048
592.717	343.261	0.00433872	0.000450663	0.00703673
692.342	356.326	0.00487882	0.000700443	0.00911506
775.321	368.321	0.00532616	0.000862376	0.0112345
844.623	379.159	0.00597264	0.00106899	0.0143843
590.237	488.301	0.0042335	-0.000134584	0.00710975
690.398	488.644	0.00457574	-0.000145036	0.00884529
773.834	489.252	0.00469887	-0.000218587	0.0112343
843.389	490.146	0.00529401	-0.000211712	0.0137136
263.378	96.883	0.00521037	-0.000217551	0.00507657
401.573	113.363	0.00491553	-0.000380006	0.00527105
527.478	132.983	0.00522063	-0.000538138	0.00573782
639.101	154.088	0.00574943	-0.000925824	0.00670763
232.183	237.41	0.00521346	-0.000283524	0.00495062
365.333	245.412	0.00540357	-0.000593405	0.005233
487.888	255.889	0.00554498	-0.000730085	0.0059278
597.777	267.865	0.00614886	-0.00110045	0.00634185
209.815	367.504	0.00590105	-0.00041752	0.00498364
336.254	368.484	0.00603871	-0.000627481	0.0055029
453.967	371.314	0.00609708	-0.000855457	0.00602889
560.825	375.446	0.00665344	-0.00139482	0.00695116
887.515	134.277	0.00632812	0.00137591	0.00766704
985.317	116.216	0.00564141	0.00100955	0.00665269
1097.98	98.6646	0.00546818	0.000631709	0.00629797
1225.7	83.1557	0.00567681	0.000232314	0.00610328
933.434	241.57	0.00662235	0.00168852	0.00786316
1030.61	233.633	0.00648848	0.00145315	0.00719697
1141.31	226.96	0.00617983	0.000867305	0.00609174
1265.14	222.651	0.00592279	0.000474175	0.00590458
973.991	343.602	0.00742445	0.00213028	0.00808273
1069.11	344.317	0.00716926	0.00174819	0.00741732
1176.04	346.804	0.00649967	0.00102666	0.00653287
1294.05	351.63	0.00674974	0.000714144	0.00598389
910.181	600.468	0.00670113	-0.000651289	0.00529663
1021.88	615.437	0.00643638	-0.000413528	0.00517181
1138.94	631.149	0.00647122	-0.00018381	0.00512728
1258.09	647.278	0.00632406	0.000104814	0.00513399
873.68	701.784	0.00604738	-0.000639621	0.00546033
990.361	722.07	0.00565297	-0.000343986	0.0049411
1113.52	742.472	0.00538267	-0.000188462	0.00488631
1239.52	762.231	0.00550382	7.97038e-05	0.00494144
832.076	812.069	0.00539882	-0.000443057	0.00509391
952.707	838.778	0.00513116	-0.000370285	0.00474888
1081.2	864.75	0.00491328	-0.000130275	0.00461426
1213.42	888.734	0.00503546	2.14982e-05	0.00488189
166.482	615.067	0.00570004	-6.01468e-05	0.00438934
305.613	609.044	0.00576301	0.000202967	0.00417253
443.138	602.891	0.00582506	0.000465473	0.00443631
574.054	596.974	0.00648632	0.000778909	0.00484327
171.113	742.316	0.00473065	-7.51472e-05	0.00407459
321.826	733.233	0.00473467	0.00020048	0.00404966
470.268	722.198	0.00515683	0.000309083	0.00419694
610.125	710.007	0.00521061	0.000562516	0.00439209
183.483	888.905	0.00422242	3.07893e-05	0.00398736
345.721	875.858	0.0041119	0.000131416	0.0036926
504.594	858.197	0.0042992	0.0003201	0.00391774
652.561	837.817	0.00468967	0.000473775	0.00433967
427.515	315.822	0.0032744	-0.000307803	0.00355025
621.417	304.626	0.00334622	-0.000146794	0.00315455
829.818	299.977	0.00318761	2.65933e-05	0.00298075
1036.05	302.941	0.00323632	0.000146888	0.00320621
420.781	513.225	0.00310528	-0.000104534	0.00367762
619.024	510.606	0.00298287	-2.47999e-05	0.00316031
832.934	509.48	0.00296688	-2.12644e-05	0.00307016
1044.49	510.048	0.00294855	6.62013e-05	0.00313607
421.38	716.066	0.00317709	0.000170489	0.00357661
619.113	722.926	0.00306379	5.36494e-05	0.0032699
832.412	725.697	0.0030337	6.93099e-06	0.00310691
1043.41	723.734	0.00311045	-0.000134943	0.00333506
249.512	458.369	0.00487283	0.000142227	0.00454988
385.612	448.233	0.0053282	0.000306247	0.00458749
515.285	440.379	0.0054	0.000473303	0.00494985
634.992	434.563	0.00611588	0.000883918	0.00550721
265.597	594.233	0.00444032	0.000102016	0.00432127
408.215	578.929	0.00454631	0.000203069	0.00452919
543.291	564.707	0.00473829	0.00044987	0.00468972
666.841	552.072	0.00510565	0.000596628	0.00555885
289.347	742.47	0.00413192	4.88518e-05	0.00410338
436.876	721.048	0.00408278	0.000166768	0.00437032
575.681	699.361	0.00443479	0.000305378	0.00468533
701.614	678.471	0.00475851	0.000595886	0.00550497
827.861	423.645	0.00631406	-0.000901415	0.00535759
941.315	449.983	0.00578078	-0.000610919	0.00496779
1065.41	480.729	0.00523827	-0.000294194	0.0044816
1197.03	515.684	0.00506274	-4.37012e-05	0.00436009
772.877	530.768	0.00553904	-0.000789802	0.00522359
888.207	564.9	0.00510199	-0.000542332	0.00483133
1016.03	603.47	0.00480743	-0.000240308	0.00440731
1152.95	645.678	0.0045673	-7.4838e-05	0.00416163
713.082	646.156	0.00486076	-0.000639762	0.00546972
828.541	689.414	0.00457404	-0.000458766	0.0045308
957.964	736.914	0.00444352	-0.000317532	0.00445098
1098.25	787.296	0.00417925	-0.000160186	0.00415103
289.629	136.482	0.00446353	-0.000397233	0.00491197
427.047	157.759	0.00480111	-0.000627245	0.0052736
546.342	180.039	0.005425	-0.000991151	0.00609867
647.906	201.769	0.00561189	-0.00129054	0.00710957
246.513	286.075	0.00478143	-0.000586361	0.00480364
380.004	294.762	0.00506981	-0.000843329	0.00543147
497.642	304.886	0.00546412	-0.00116493	0.00599803
599.381	315.505	0.00637484	-0.00169339	0.00757836
214.351	423.305	0.00540076	-0.000721803	0.00509513
341.575	421.75	0.0059049	-0.00103469	0.00581536
455.478	421.842	0.00638355	-0.00144296	0.0062904
555.559	423.005	0.00680695	-0.00186668	0.00721984
861.058	273.217	0.00547585	-0.000938357	0.00759108
960.92	261.397	0.00547788	-0.000803031	0.00682104
1072.25	250.551	0.0053849	-0.000570673	0.005923
1193.95	241.523	0.00533642	-0.000532614	0.0053602
853.601	385.731	0.00534639	-0.000617143	0.00747874
955.354	381.235	0.00503129	-0.000507374	0.00648743
1069.36	377.608	0.00469123	-0.000399405	0.00568162
1194.64	375.544	0.00483068	-0.000267845	0.00508561
844.603	503.291	0.00532513	-0.000315399	0.00724065
946.974	507.05	0.00463704	-0.000208661	0.00656485
1062.16	511.834	0.00456054	-0.000166588	0.00551517
1189.09	517.861	0.00441743	-0.000188036	0.00506757
